4 5
Starting read from Train file...
(5320, 6)
train.shape = (5320, 4)
train_labels.shape = (5320, 1)
(5209, 4) (111, 4)

******************************************************
Decision Tree:

0.486486486486
[[ 0 39  0  0  0]
 [ 0 54  0  0  0]
 [ 0  7  0  0  0]
 [ 0  1  0  0  0]
 [ 0 10  0  0  0]]

******************************************************
Gaussian Naive Bayes:

0.018018018018
[[ 0  0  0  0  0]
 [85  2 17  4  3]
 [ 0  0  0  0  0]
 [ 0  0  0  0  0]
 [ 0  0  0  0  0]]

******************************************************
KNN:
---------------------
KNN ==  5 :

0.504504504505
[[ 0  0  0  0  0]
 [46 56  4  1  4]
 [ 0  0  0  0  0]
 [ 0  0  0  0  0]
 [ 0  0  0  0  0]]
---------------------
KNN ==  9 :

0.45045045045
[[ 0  0  0  0]
 [49 50  6  6]
 [ 0  0  0  0]
 [ 0  0  0  0]]
---------------------
KNN ==  11 :

0.405405405405
[[ 0  0  0  0  0]
 [54 45  7  1  4]
 [ 0  0  0  0  0]
 [ 0  0  0  0  0]
 [ 0  0  0  0  0]]
---------------------
KNN ==  13 :

0.369369369369
[[ 0  0  0  0  0]
 [58 41  5  1  6]
 [ 0  0  0  0  0]
 [ 0  0  0  0  0]
 [ 0  0  0  0  0]]

******************************************************
SVM:

0.432432432432

******************************************************
Perceptron:

0.567567567568
[[ 0  0  0  0]
 [ 4 63 25 19]
 [ 0  0  0  0]
 [ 0  0  0  0]]

******************************************************
LDA:

0.243243243243
[[ 0  0  0  0]
 [77 27  1  6]
 [ 0  0  0  0]
 [ 0  0  0  0]]

******************************************************
Logistic Regression - ovr:

0.279279279279
[[ 0  0  0]
 [67 31 13]
 [ 0  0  0]]

******************************************************
Logistic Regression - mul:

0.297297297297
[[ 0  0  0  0]
 [63 33  1 14]
 [ 0  0  0  0]
 [ 0  0  0  0]]
######################################################
(5217, 4) (103, 4)

******************************************************
Decision Tree:

0.407766990291
[[42  0  0  0]
 [14  0  0  0]
 [28  0  0  0]
 [19  0  0  0]]

******************************************************
Gaussian Naive Bayes:

0.932038834951
[[96  2  5]
 [ 0  0  0]
 [ 0  0  0]]

******************************************************
KNN:
---------------------
KNN ==  5 :

0.621359223301
[[64 11 14 14]
 [ 0  0  0  0]
 [ 0  0  0  0]
 [ 0  0  0  0]]
---------------------
KNN ==  9 :

0.592233009709
[[61  5 19 18]
 [ 0  0  0  0]
 [ 0  0  0  0]
 [ 0  0  0  0]]
---------------------
KNN ==  11 :

0.611650485437
[[63  5 17 18]
 [ 0  0  0  0]
 [ 0  0  0  0]
 [ 0  0  0  0]]
---------------------
KNN ==  13 :

0.640776699029
[[66  2 13 22]
 [ 0  0  0  0]
 [ 0  0  0  0]
 [ 0  0  0  0]]

******************************************************
SVM:

0.718446601942

******************************************************
Perceptron:

0.0
[[  0 103]
 [  0   0]]

******************************************************
LDA:

0.893203883495
[[92 11]
 [ 0  0]]

******************************************************
Logistic Regression - ovr:

0.776699029126
[[80 15  4  4]
 [ 0  0  0  0]
 [ 0  0  0  0]
 [ 0  0  0  0]]

******************************************************
Logistic Regression - mul:

0.766990291262
[[79 15  4  5]
 [ 0  0  0  0]
 [ 0  0  0  0]
 [ 0  0  0  0]]
######################################################
(5217, 4) (103, 4)

******************************************************
Decision Tree:

0.407766990291
[[42  0  0  0]
 [14  0  0  0]
 [26  0  0  0]
 [21  0  0  0]]

******************************************************
Gaussian Naive Bayes:

0.932038834951
[[96  2  5]
 [ 0  0  0]
 [ 0  0  0]]

******************************************************
KNN:
---------------------
KNN ==  5 :

0.621359223301
[[64 11 14 14]
 [ 0  0  0  0]
 [ 0  0  0  0]
 [ 0  0  0  0]]
---------------------
KNN ==  9 :

0.592233009709
[[61  5 19 18]
 [ 0  0  0  0]
 [ 0  0  0  0]
 [ 0  0  0  0]]
---------------------
KNN ==  11 :

0.611650485437
[[63  5 17 18]
 [ 0  0  0  0]
 [ 0  0  0  0]
 [ 0  0  0  0]]
---------------------
KNN ==  13 :

0.640776699029
[[66  2 13 22]
 [ 0  0  0  0]
 [ 0  0  0  0]
 [ 0  0  0  0]]

******************************************************
SVM:

0.718446601942

******************************************************
Perceptron:

0.0
[[  0 103]
 [  0   0]]

******************************************************
LDA:

0.893203883495
[[92 11]
 [ 0  0]]

******************************************************
Logistic Regression - ovr:

0.776699029126
[[80 15  4  4]
 [ 0  0  0  0]
 [ 0  0  0  0]
 [ 0  0  0  0]]

******************************************************
Logistic Regression - mul:

0.766990291262
[[79 15  4  5]
 [ 0  0  0  0]
 [ 0  0  0  0]
 [ 0  0  0  0]]
######################################################
(5217, 4) (103, 4)

******************************************************
Decision Tree:

0.446601941748
[[46  0  0  0]
 [11  0  0  0]
 [27  0  0  0]
 [19  0  0  0]]

******************************************************
Gaussian Naive Bayes:

0.932038834951
[[96  2  5]
 [ 0  0  0]
 [ 0  0  0]]

******************************************************
KNN:
---------------------
KNN ==  5 :

0.621359223301
[[64 11 14 14]
 [ 0  0  0  0]
 [ 0  0  0  0]
 [ 0  0  0  0]]
---------------------
KNN ==  9 :

0.592233009709
[[61  5 19 18]
 [ 0  0  0  0]
 [ 0  0  0  0]
 [ 0  0  0  0]]
---------------------
KNN ==  11 :

0.611650485437
[[63  5 17 18]
 [ 0  0  0  0]
 [ 0  0  0  0]
 [ 0  0  0  0]]
---------------------
KNN ==  13 :

0.640776699029
[[66  2 13 22]
 [ 0  0  0  0]
 [ 0  0  0  0]
 [ 0  0  0  0]]

******************************************************
SVM:

0.718446601942

******************************************************
Perceptron:

0.0
[[  0 103]
 [  0   0]]

******************************************************
LDA:

0.893203883495
[[92 11]
 [ 0  0]]

******************************************************
Logistic Regression - ovr:

0.776699029126
[[80 15  4  4]
 [ 0  0  0  0]
 [ 0  0  0  0]
 [ 0  0  0  0]]

******************************************************
Logistic Regression - mul:

0.766990291262
[[79 15  4  5]
 [ 0  0  0  0]
 [ 0  0  0  0]
 [ 0  0  0  0]]
######################################################
(5217, 4) (103, 4)

******************************************************
Decision Tree:

0.446601941748
[[46  0  0  0]
 [11  0  0  0]
 [26  0  0  0]
 [20  0  0  0]]

******************************************************
Gaussian Naive Bayes:

0.932038834951
[[96  2  5]
 [ 0  0  0]
 [ 0  0  0]]

******************************************************
KNN:
---------------------
KNN ==  5 :

0.621359223301
[[64 11 14 14]
 [ 0  0  0  0]
 [ 0  0  0  0]
 [ 0  0  0  0]]
---------------------
KNN ==  9 :

0.592233009709
[[61  5 19 18]
 [ 0  0  0  0]
 [ 0  0  0  0]
 [ 0  0  0  0]]
---------------------
KNN ==  11 :

0.611650485437
[[63  5 17 18]
 [ 0  0  0  0]
 [ 0  0  0  0]
 [ 0  0  0  0]]
---------------------
KNN ==  13 :

0.640776699029
[[66  2 13 22]
 [ 0  0  0  0]
 [ 0  0  0  0]
 [ 0  0  0  0]]

******************************************************
SVM:

0.718446601942

******************************************************
Perceptron:

0.0
[[  0 103]
 [  0   0]]

******************************************************
LDA:

0.893203883495
[[92 11]
 [ 0  0]]

******************************************************
Logistic Regression - ovr:

0.776699029126
[[80 15  4  4]
 [ 0  0  0  0]
 [ 0  0  0  0]
 [ 0  0  0  0]]

******************************************************
Logistic Regression - mul:

0.766990291262
[[79 15  4  5]
 [ 0  0  0  0]
 [ 0  0  0  0]
 [ 0  0  0  0]]
######################################################
(5217, 4) (103, 4)

******************************************************
Decision Tree:

0.417475728155
[[43  0  0  0]
 [14  0  0  0]
 [26  0  0  0]
 [20  0  0  0]]

******************************************************
Gaussian Naive Bayes:

0.932038834951
[[96  2  5]
 [ 0  0  0]
 [ 0  0  0]]

******************************************************
KNN:
---------------------
KNN ==  5 :

0.621359223301
[[64 11 14 14]
 [ 0  0  0  0]
 [ 0  0  0  0]
 [ 0  0  0  0]]
---------------------
KNN ==  9 :

0.592233009709
[[61  5 19 18]
 [ 0  0  0  0]
 [ 0  0  0  0]
 [ 0  0  0  0]]
---------------------
KNN ==  11 :

0.611650485437
[[63  5 17 18]
 [ 0  0  0  0]
 [ 0  0  0  0]
 [ 0  0  0  0]]
---------------------
KNN ==  13 :

0.640776699029
[[66  2 13 22]
 [ 0  0  0  0]
 [ 0  0  0  0]
 [ 0  0  0  0]]

******************************************************
SVM:

0.718446601942

******************************************************
Perceptron:

0.0
[[  0 103]
 [  0   0]]

******************************************************
LDA:

0.893203883495
[[92 11]
 [ 0  0]]

******************************************************
Logistic Regression - ovr:

0.776699029126
[[80 15  4  4]
 [ 0  0  0  0]
 [ 0  0  0  0]
 [ 0  0  0  0]]

******************************************************
Logistic Regression - mul:

0.766990291262
[[79 15  4  5]
 [ 0  0  0  0]
 [ 0  0  0  0]
 [ 0  0  0  0]]
######################################################
(5217, 4) (103, 4)

******************************************************
Decision Tree:

0.446601941748
[[46  0  0  0]
 [12  0  0  0]
 [26  0  0  0]
 [19  0  0  0]]

******************************************************
Gaussian Naive Bayes:

0.932038834951
[[96  2  5]
 [ 0  0  0]
 [ 0  0  0]]

******************************************************
KNN:
---------------------
KNN ==  5 :

0.621359223301
[[64 11 14 14]
 [ 0  0  0  0]
 [ 0  0  0  0]
 [ 0  0  0  0]]
---------------------
KNN ==  9 :

0.592233009709
[[61  5 19 18]
 [ 0  0  0  0]
 [ 0  0  0  0]
 [ 0  0  0  0]]
---------------------
KNN ==  11 :

0.611650485437
[[63  5 17 18]
 [ 0  0  0  0]
 [ 0  0  0  0]
 [ 0  0  0  0]]
---------------------
KNN ==  13 :

0.640776699029
[[66  2 13 22]
 [ 0  0  0  0]
 [ 0  0  0  0]
 [ 0  0  0  0]]

******************************************************
SVM:

0.718446601942

******************************************************
Perceptron:

0.0
[[  0 103]
 [  0   0]]

******************************************************
LDA:

0.893203883495
[[92 11]
 [ 0  0]]

******************************************************
Logistic Regression - ovr:

0.776699029126
[[80 15  4  4]
 [ 0  0  0  0]
 [ 0  0  0  0]
 [ 0  0  0  0]]

******************************************************
Logistic Regression - mul:

0.766990291262
[[79 15  4  5]
 [ 0  0  0  0]
 [ 0  0  0  0]
 [ 0  0  0  0]]
######################################################
(5217, 4) (103, 4)

******************************************************
Decision Tree:

0.466019417476
[[48  0  0  0]
 [11  0  0  0]
 [27  0  0  0]
 [17  0  0  0]]

******************************************************
Gaussian Naive Bayes:

0.932038834951
[[96  2  5]
 [ 0  0  0]
 [ 0  0  0]]

******************************************************
KNN:
---------------------
KNN ==  5 :

0.621359223301
[[64 11 14 14]
 [ 0  0  0  0]
 [ 0  0  0  0]
 [ 0  0  0  0]]
---------------------
KNN ==  9 :

0.592233009709
[[61  5 19 18]
 [ 0  0  0  0]
 [ 0  0  0  0]
 [ 0  0  0  0]]
---------------------
KNN ==  11 :

0.611650485437
[[63  5 17 18]
 [ 0  0  0  0]
 [ 0  0  0  0]
 [ 0  0  0  0]]
---------------------
KNN ==  13 :

0.640776699029
[[66  2 13 22]
 [ 0  0  0  0]
 [ 0  0  0  0]
 [ 0  0  0  0]]

******************************************************
SVM:

0.718446601942

******************************************************
Perceptron:

0.0
[[  0 103]
 [  0   0]]

******************************************************
LDA:

0.893203883495
[[92 11]
 [ 0  0]]

******************************************************
Logistic Regression - ovr:

0.776699029126
[[80 15  4  4]
 [ 0  0  0  0]
 [ 0  0  0  0]
 [ 0  0  0  0]]

******************************************************
Logistic Regression - mul:

0.766990291262
[[79 15  4  5]
 [ 0  0  0  0]
 [ 0  0  0  0]
 [ 0  0  0  0]]
######################################################
(5217, 4) (103, 4)

******************************************************
Decision Tree:

0.446601941748
[[46  0  0  0]
 [14  0  0  0]
 [26  0  0  0]
 [17  0  0  0]]

******************************************************
Gaussian Naive Bayes:

0.932038834951
[[96  2  5]
 [ 0  0  0]
 [ 0  0  0]]

******************************************************
KNN:
---------------------
KNN ==  5 :

0.621359223301
[[64 11 14 14]
 [ 0  0  0  0]
 [ 0  0  0  0]
 [ 0  0  0  0]]
---------------------
KNN ==  9 :

0.592233009709
[[61  5 19 18]
 [ 0  0  0  0]
 [ 0  0  0  0]
 [ 0  0  0  0]]
---------------------
KNN ==  11 :

0.611650485437
[[63  5 17 18]
 [ 0  0  0  0]
 [ 0  0  0  0]
 [ 0  0  0  0]]
---------------------
KNN ==  13 :

0.640776699029
[[66  2 13 22]
 [ 0  0  0  0]
 [ 0  0  0  0]
 [ 0  0  0  0]]

******************************************************
SVM:

0.718446601942

******************************************************
Perceptron:

0.0
[[  0 103]
 [  0   0]]

******************************************************
LDA:

0.893203883495
[[92 11]
 [ 0  0]]

******************************************************
Logistic Regression - ovr:

0.776699029126
[[80 15  4  4]
 [ 0  0  0  0]
 [ 0  0  0  0]
 [ 0  0  0  0]]

******************************************************
Logistic Regression - mul:

0.766990291262
[[79 15  4  5]
 [ 0  0  0  0]
 [ 0  0  0  0]
 [ 0  0  0  0]]
######################################################
(5217, 4) (103, 4)

******************************************************
Decision Tree:

0.456310679612
[[47  0  0  0]
 [11  0  0  0]
 [28  0  0  0]
 [17  0  0  0]]

******************************************************
Gaussian Naive Bayes:

0.932038834951
[[96  2  5]
 [ 0  0  0]
 [ 0  0  0]]

******************************************************
KNN:
---------------------
KNN ==  5 :

0.621359223301
[[64 11 14 14]
 [ 0  0  0  0]
 [ 0  0  0  0]
 [ 0  0  0  0]]
---------------------
KNN ==  9 :

0.592233009709
[[61  5 19 18]
 [ 0  0  0  0]
 [ 0  0  0  0]
 [ 0  0  0  0]]
---------------------
KNN ==  11 :

0.611650485437
[[63  5 17 18]
 [ 0  0  0  0]
 [ 0  0  0  0]
 [ 0  0  0  0]]
---------------------
KNN ==  13 :

0.640776699029
[[66  2 13 22]
 [ 0  0  0  0]
 [ 0  0  0  0]
 [ 0  0  0  0]]

******************************************************
SVM:

0.718446601942

******************************************************
Perceptron:

0.0
[[  0 103]
 [  0   0]]

******************************************************
LDA:

0.893203883495
[[92 11]
 [ 0  0]]

******************************************************
Logistic Regression - ovr:

0.776699029126
[[80 15  4  4]
 [ 0  0  0  0]
 [ 0  0  0  0]
 [ 0  0  0  0]]

******************************************************
Logistic Regression - mul:

0.766990291262
[[79 15  4  5]
 [ 0  0  0  0]
 [ 0  0  0  0]
 [ 0  0  0  0]]
######################################################
(5217, 4) (103, 4)

******************************************************
Decision Tree:

0.436893203883
[[45  0  0  0]
 [13  0  0  0]
 [26  0  0  0]
 [19  0  0  0]]

******************************************************
Gaussian Naive Bayes:

0.932038834951
[[96  2  5]
 [ 0  0  0]
 [ 0  0  0]]

******************************************************
KNN:
---------------------
KNN ==  5 :

0.621359223301
[[64 11 14 14]
 [ 0  0  0  0]
 [ 0  0  0  0]
 [ 0  0  0  0]]
---------------------
KNN ==  9 :

0.592233009709
[[61  5 19 18]
 [ 0  0  0  0]
 [ 0  0  0  0]
 [ 0  0  0  0]]
---------------------
KNN ==  11 :

0.611650485437
[[63  5 17 18]
 [ 0  0  0  0]
 [ 0  0  0  0]
 [ 0  0  0  0]]
---------------------
KNN ==  13 :

0.640776699029
[[66  2 13 22]
 [ 0  0  0  0]
 [ 0  0  0  0]
 [ 0  0  0  0]]

******************************************************
SVM:

0.718446601942

******************************************************
Perceptron:

0.0
[[  0 103]
 [  0   0]]

******************************************************
LDA:

0.893203883495
[[92 11]
 [ 0  0]]

******************************************************
Logistic Regression - ovr:

0.776699029126
[[80 15  4  4]
 [ 0  0  0  0]
 [ 0  0  0  0]
 [ 0  0  0  0]]

******************************************************
Logistic Regression - mul:

0.766990291262
[[79 15  4  5]
 [ 0  0  0  0]
 [ 0  0  0  0]
 [ 0  0  0  0]]
######################################################
(5217, 4) (103, 4)

******************************************************
Decision Tree:

0.417475728155
[[43  0  0  0]
 [12  0  0  0]
 [28  0  0  0]
 [20  0  0  0]]

******************************************************
Gaussian Naive Bayes:

0.932038834951
[[96  2  5]
 [ 0  0  0]
 [ 0  0  0]]

******************************************************
KNN:
---------------------
KNN ==  5 :

0.621359223301
[[64 11 14 14]
 [ 0  0  0  0]
 [ 0  0  0  0]
 [ 0  0  0  0]]
---------------------
KNN ==  9 :

0.592233009709
[[61  5 19 18]
 [ 0  0  0  0]
 [ 0  0  0  0]
 [ 0  0  0  0]]
---------------------
KNN ==  11 :

0.611650485437
[[63  5 17 18]
 [ 0  0  0  0]
 [ 0  0  0  0]
 [ 0  0  0  0]]
---------------------
KNN ==  13 :

0.640776699029
[[66  2 13 22]
 [ 0  0  0  0]
 [ 0  0  0  0]
 [ 0  0  0  0]]

******************************************************
SVM:

0.718446601942

******************************************************
Perceptron:

0.0
[[  0 103]
 [  0   0]]

******************************************************
LDA:

0.893203883495
[[92 11]
 [ 0  0]]

******************************************************
Logistic Regression - ovr:

0.776699029126
[[80 15  4  4]
 [ 0  0  0  0]
 [ 0  0  0  0]
 [ 0  0  0  0]]

******************************************************
Logistic Regression - mul:

0.766990291262
[[79 15  4  5]
 [ 0  0  0  0]
 [ 0  0  0  0]
 [ 0  0  0  0]]
######################################################
(5217, 4) (103, 4)

******************************************************
Decision Tree:

0.436893203883
[[45  0  0  0]
 [11  0  0  0]
 [27  0  0  0]
 [20  0  0  0]]

******************************************************
Gaussian Naive Bayes:

0.932038834951
[[96  2  5]
 [ 0  0  0]
 [ 0  0  0]]

******************************************************
KNN:
---------------------
KNN ==  5 :

0.621359223301
[[64 11 14 14]
 [ 0  0  0  0]
 [ 0  0  0  0]
 [ 0  0  0  0]]
---------------------
KNN ==  9 :

0.592233009709
[[61  5 19 18]
 [ 0  0  0  0]
 [ 0  0  0  0]
 [ 0  0  0  0]]
---------------------
KNN ==  11 :

0.611650485437
[[63  5 17 18]
 [ 0  0  0  0]
 [ 0  0  0  0]
 [ 0  0  0  0]]
---------------------
KNN ==  13 :

0.640776699029
[[66  2 13 22]
 [ 0  0  0  0]
 [ 0  0  0  0]
 [ 0  0  0  0]]

******************************************************
SVM:

0.718446601942

******************************************************
Perceptron:

0.0
[[  0 103]
 [  0   0]]

******************************************************
LDA:

0.893203883495
[[92 11]
 [ 0  0]]

******************************************************
Logistic Regression - ovr:

0.776699029126
[[80 15  4  4]
 [ 0  0  0  0]
 [ 0  0  0  0]
 [ 0  0  0  0]]

******************************************************
Logistic Regression - mul:

0.766990291262
[[79 15  4  5]
 [ 0  0  0  0]
 [ 0  0  0  0]
 [ 0  0  0  0]]
######################################################
(5217, 4) (103, 4)

******************************************************
Decision Tree:

0.417475728155
[[43  0  0  0]
 [14  0  0  0]
 [27  0  0  0]
 [19  0  0  0]]

******************************************************
Gaussian Naive Bayes:

0.932038834951
[[96  2  5]
 [ 0  0  0]
 [ 0  0  0]]

******************************************************
KNN:
---------------------
KNN ==  5 :

0.621359223301
[[64 11 14 14]
 [ 0  0  0  0]
 [ 0  0  0  0]
 [ 0  0  0  0]]
---------------------
KNN ==  9 :

0.592233009709
[[61  5 19 18]
 [ 0  0  0  0]
 [ 0  0  0  0]
 [ 0  0  0  0]]
---------------------
KNN ==  11 :

0.611650485437
[[63  5 17 18]
 [ 0  0  0  0]
 [ 0  0  0  0]
 [ 0  0  0  0]]
---------------------
KNN ==  13 :

0.640776699029
[[66  2 13 22]
 [ 0  0  0  0]
 [ 0  0  0  0]
 [ 0  0  0  0]]

******************************************************
SVM:

0.718446601942

******************************************************
Perceptron:

0.0
[[  0 103]
 [  0   0]]

******************************************************
LDA:

0.893203883495
[[92 11]
 [ 0  0]]

******************************************************
Logistic Regression - ovr:

0.776699029126
[[80 15  4  4]
 [ 0  0  0  0]
 [ 0  0  0  0]
 [ 0  0  0  0]]

******************************************************
Logistic Regression - mul:

0.766990291262
[[79 15  4  5]
 [ 0  0  0  0]
 [ 0  0  0  0]
 [ 0  0  0  0]]
######################################################
(5217, 4) (103, 4)

******************************************************
Decision Tree:

0.446601941748
[[46  0  0  0]
 [12  0  0  0]
 [26  0  0  0]
 [19  0  0  0]]

******************************************************
Gaussian Naive Bayes:

0.932038834951
[[96  2  5]
 [ 0  0  0]
 [ 0  0  0]]

******************************************************
KNN:
---------------------
KNN ==  5 :

0.621359223301
[[64 11 14 14]
 [ 0  0  0  0]
 [ 0  0  0  0]
 [ 0  0  0  0]]
---------------------
KNN ==  9 :

0.592233009709
[[61  5 19 18]
 [ 0  0  0  0]
 [ 0  0  0  0]
 [ 0  0  0  0]]
---------------------
KNN ==  11 :

0.611650485437
[[63  5 17 18]
 [ 0  0  0  0]
 [ 0  0  0  0]
 [ 0  0  0  0]]
---------------------
KNN ==  13 :

0.640776699029
[[66  2 13 22]
 [ 0  0  0  0]
 [ 0  0  0  0]
 [ 0  0  0  0]]

******************************************************
SVM:

0.718446601942

******************************************************
Perceptron:

0.0
[[  0 103]
 [  0   0]]

******************************************************
LDA:

0.893203883495
[[92 11]
 [ 0  0]]

******************************************************
Logistic Regression - ovr:

0.776699029126
[[80 15  4  4]
 [ 0  0  0  0]
 [ 0  0  0  0]
 [ 0  0  0  0]]

******************************************************
Logistic Regression - mul:

0.766990291262
[[79 15  4  5]
 [ 0  0  0  0]
 [ 0  0  0  0]
 [ 0  0  0  0]]
######################################################
(5217, 4) (103, 4)

******************************************************
Decision Tree:

0.446601941748
[[46  0  0  0]
 [13  0  0  0]
 [27  0  0  0]
 [17  0  0  0]]

******************************************************
Gaussian Naive Bayes:

0.932038834951
[[96  2  5]
 [ 0  0  0]
 [ 0  0  0]]

******************************************************
KNN:
---------------------
KNN ==  5 :

0.621359223301
[[64 11 14 14]
 [ 0  0  0  0]
 [ 0  0  0  0]
 [ 0  0  0  0]]
---------------------
KNN ==  9 :

0.592233009709
[[61  5 19 18]
 [ 0  0  0  0]
 [ 0  0  0  0]
 [ 0  0  0  0]]
---------------------
KNN ==  11 :

0.611650485437
[[63  5 17 18]
 [ 0  0  0  0]
 [ 0  0  0  0]
 [ 0  0  0  0]]
---------------------
KNN ==  13 :

0.640776699029
[[66  2 13 22]
 [ 0  0  0  0]
 [ 0  0  0  0]
 [ 0  0  0  0]]

******************************************************
SVM:

0.718446601942

******************************************************
Perceptron:

0.0
[[  0 103]
 [  0   0]]

******************************************************
LDA:

0.893203883495
[[92 11]
 [ 0  0]]

******************************************************
Logistic Regression - ovr:

0.776699029126
[[80 15  4  4]
 [ 0  0  0  0]
 [ 0  0  0  0]
 [ 0  0  0  0]]

******************************************************
Logistic Regression - mul:

0.766990291262
[[79 15  4  5]
 [ 0  0  0  0]
 [ 0  0  0  0]
 [ 0  0  0  0]]
######################################################
(5217, 4) (103, 4)

******************************************************
Decision Tree:

0.436893203883
[[45  0  0  0]
 [13  0  0  0]
 [26  0  0  0]
 [19  0  0  0]]

******************************************************
Gaussian Naive Bayes:

0.932038834951
[[96  2  5]
 [ 0  0  0]
 [ 0  0  0]]

******************************************************
KNN:
---------------------
KNN ==  5 :

0.621359223301
[[64 11 14 14]
 [ 0  0  0  0]
 [ 0  0  0  0]
 [ 0  0  0  0]]
---------------------
KNN ==  9 :

0.592233009709
[[61  5 19 18]
 [ 0  0  0  0]
 [ 0  0  0  0]
 [ 0  0  0  0]]
---------------------
KNN ==  11 :

0.611650485437
[[63  5 17 18]
 [ 0  0  0  0]
 [ 0  0  0  0]
 [ 0  0  0  0]]
---------------------
KNN ==  13 :

0.640776699029
[[66  2 13 22]
 [ 0  0  0  0]
 [ 0  0  0  0]
 [ 0  0  0  0]]

******************************************************
SVM:

0.718446601942

******************************************************
Perceptron:

0.0
[[  0 103]
 [  0   0]]

******************************************************
LDA:

0.893203883495
[[92 11]
 [ 0  0]]

******************************************************
Logistic Regression - ovr:

0.776699029126
[[80 15  4  4]
 [ 0  0  0  0]
 [ 0  0  0  0]
 [ 0  0  0  0]]

******************************************************
Logistic Regression - mul:

0.766990291262
[[79 15  4  5]
 [ 0  0  0  0]
 [ 0  0  0  0]
 [ 0  0  0  0]]
######################################################
(5217, 4) (103, 4)

******************************************************
Decision Tree:

0.456310679612
[[47  0  0  0]
 [10  0  0  0]
 [26  0  0  0]
 [20  0  0  0]]

******************************************************
Gaussian Naive Bayes:

0.932038834951
[[96  2  5]
 [ 0  0  0]
 [ 0  0  0]]

******************************************************
KNN:
---------------------
KNN ==  5 :

0.621359223301
[[64 11 14 14]
 [ 0  0  0  0]
 [ 0  0  0  0]
 [ 0  0  0  0]]
---------------------
KNN ==  9 :

0.592233009709
[[61  5 19 18]
 [ 0  0  0  0]
 [ 0  0  0  0]
 [ 0  0  0  0]]
---------------------
KNN ==  11 :

0.611650485437
[[63  5 17 18]
 [ 0  0  0  0]
 [ 0  0  0  0]
 [ 0  0  0  0]]
---------------------
KNN ==  13 :

0.640776699029
[[66  2 13 22]
 [ 0  0  0  0]
 [ 0  0  0  0]
 [ 0  0  0  0]]

******************************************************
SVM:

0.718446601942

******************************************************
Perceptron:

0.0
[[  0 103]
 [  0   0]]

******************************************************
LDA:

0.893203883495
[[92 11]
 [ 0  0]]

******************************************************
Logistic Regression - ovr:

0.776699029126
[[80 15  4  4]
 [ 0  0  0  0]
 [ 0  0  0  0]
 [ 0  0  0  0]]

******************************************************
Logistic Regression - mul:

0.766990291262
[[79 15  4  5]
 [ 0  0  0  0]
 [ 0  0  0  0]
 [ 0  0  0  0]]
######################################################
(5217, 4) (103, 4)

******************************************************
Decision Tree:

0.436893203883
[[45  0  0  0]
 [13  0  0  0]
 [26  0  0  0]
 [19  0  0  0]]

******************************************************
Gaussian Naive Bayes:

0.932038834951
[[96  2  5]
 [ 0  0  0]
 [ 0  0  0]]

******************************************************
KNN:
---------------------
KNN ==  5 :

0.621359223301
[[64 11 14 14]
 [ 0  0  0  0]
 [ 0  0  0  0]
 [ 0  0  0  0]]
---------------------
KNN ==  9 :

0.592233009709
[[61  5 19 18]
 [ 0  0  0  0]
 [ 0  0  0  0]
 [ 0  0  0  0]]
---------------------
KNN ==  11 :

0.611650485437
[[63  5 17 18]
 [ 0  0  0  0]
 [ 0  0  0  0]
 [ 0  0  0  0]]
---------------------
KNN ==  13 :

0.640776699029
[[66  2 13 22]
 [ 0  0  0  0]
 [ 0  0  0  0]
 [ 0  0  0  0]]

******************************************************
SVM:

0.718446601942

******************************************************
Perceptron:

0.0
[[  0 103]
 [  0   0]]

******************************************************
LDA:

0.893203883495
[[92 11]
 [ 0  0]]

******************************************************
Logistic Regression - ovr:

0.776699029126
[[80 15  4  4]
 [ 0  0  0  0]
 [ 0  0  0  0]
 [ 0  0  0  0]]

******************************************************
Logistic Regression - mul:

0.766990291262
[[79 15  4  5]
 [ 0  0  0  0]
 [ 0  0  0  0]
 [ 0  0  0  0]]
######################################################
(5217, 4) (103, 4)

******************************************************
Decision Tree:

0.446601941748
[[46  0  0  0]
 [14  0  0  0]
 [24  0  0  0]
 [19  0  0  0]]

******************************************************
Gaussian Naive Bayes:

0.932038834951
[[96  2  5]
 [ 0  0  0]
 [ 0  0  0]]

******************************************************
KNN:
---------------------
KNN ==  5 :

0.621359223301
[[64 11 14 14]
 [ 0  0  0  0]
 [ 0  0  0  0]
 [ 0  0  0  0]]
---------------------
KNN ==  9 :

0.592233009709
[[61  5 19 18]
 [ 0  0  0  0]
 [ 0  0  0  0]
 [ 0  0  0  0]]
---------------------
KNN ==  11 :

0.611650485437
[[63  5 17 18]
 [ 0  0  0  0]
 [ 0  0  0  0]
 [ 0  0  0  0]]
---------------------
KNN ==  13 :

0.640776699029
[[66  2 13 22]
 [ 0  0  0  0]
 [ 0  0  0  0]
 [ 0  0  0  0]]

******************************************************
SVM:

0.718446601942

******************************************************
Perceptron:

0.0
[[  0 103]
 [  0   0]]

******************************************************
LDA:

0.893203883495
[[92 11]
 [ 0  0]]

******************************************************
Logistic Regression - ovr:

0.776699029126
[[80 15  4  4]
 [ 0  0  0  0]
 [ 0  0  0  0]
 [ 0  0  0  0]]

******************************************************
Logistic Regression - mul:

0.766990291262
[[79 15  4  5]
 [ 0  0  0  0]
 [ 0  0  0  0]
 [ 0  0  0  0]]
######################################################
######################################################
DT: 
[ 0.48648649  0.40776699  0.40776699  0.44660194  0.44660194  0.41747573
  0.44660194  0.46601942  0.44660194  0.45631068  0.4368932   0.41747573
  0.4368932   0.41747573  0.44660194  0.44660194  0.4368932   0.45631068
  0.4368932   0.44660194]
0.4403437418
gnb: 
[ 0.01801802  0.93203883  0.93203883  0.93203883  0.93203883  0.93203883
  0.93203883  0.93203883  0.93203883  0.93203883  0.93203883  0.93203883
  0.93203883  0.93203883  0.93203883  0.93203883  0.93203883  0.93203883
  0.93203883  0.93203883]
0.886337794105
knn: 
[ 0.5045045   0.45045045  0.40540541  0.36936937  0.62135922  0.59223301
  0.61165049  0.6407767   0.62135922  0.59223301  0.61165049  0.6407767
  0.62135922  0.59223301  0.61165049  0.6407767   0.62135922  0.59223301
  0.61165049  0.6407767   0.62135922  0.59223301  0.61165049  0.6407767
  0.62135922  0.59223301  0.61165049  0.6407767   0.62135922  0.59223301
  0.61165049  0.6407767   0.62135922  0.59223301  0.61165049  0.6407767
  0.62135922  0.59223301  0.61165049  0.6407767   0.62135922  0.59223301
  0.61165049  0.6407767   0.62135922  0.59223301  0.61165049  0.6407767
  0.62135922  0.59223301  0.61165049  0.6407767   0.62135922  0.59223301
  0.61165049  0.6407767   0.62135922  0.59223301  0.61165049  0.6407767
  0.62135922  0.59223301  0.61165049  0.6407767   0.62135922  0.59223301
  0.61165049  0.6407767   0.62135922  0.59223301  0.61165049  0.6407767
  0.62135922  0.59223301  0.61165049  0.6407767   0.62135922  0.59223301
  0.61165049  0.6407767 ]
0.607301233272
9  =  0.585143881746
11  =  0.601338231435
5  =  0.615516487361
13  =  0.627206332546
svm: 
[ 0.43243243  0.7184466   0.7184466   0.7184466   0.7184466   0.7184466
  0.7184466   0.7184466   0.7184466   0.7184466   0.7184466   0.7184466
  0.7184466   0.7184466   0.7184466   0.7184466   0.7184466   0.7184466
  0.7184466   0.7184466 ]
0.704145893466
lda: 
[ 0.24324324  0.89320388  0.89320388  0.89320388  0.89320388  0.89320388
  0.89320388  0.89320388  0.89320388  0.89320388  0.89320388  0.89320388
  0.89320388  0.89320388  0.89320388  0.89320388  0.89320388  0.89320388
  0.89320388  0.89320388]
0.860705851483
lr_ovr: 
[ 0.27927928  0.77669903  0.77669903  0.77669903  0.77669903  0.77669903
  0.77669903  0.77669903  0.77669903  0.77669903  0.77669903  0.77669903
  0.77669903  0.77669903  0.77669903  0.77669903  0.77669903  0.77669903
  0.77669903  0.77669903]
0.751828041634
lr_mul: 
[ 0.2972973   0.76699029  0.76699029  0.76699029  0.76699029  0.76699029
  0.76699029  0.76699029  0.76699029  0.76699029  0.76699029  0.76699029
  0.76699029  0.76699029  0.76699029  0.76699029  0.76699029  0.76699029
  0.76699029  0.76699029]
0.743505641564

real  8m22.771s
user  7m50.904s
sys 0m7.274s

